0
47
82
0 1 1.588432221
0 2 1.366945662
1 2 0.595078346
1 4 0.606753089
2 4 0.424627093
2 3 0.612090115
4 5 0.705821625
3 5 0.203807662
4 15 0.91062998
5 15 0.623764858
3 6 0.263515635
3 7 0.81856629
6 15 0.600748935
6 8 0.544710167
8 7 0.318887275
7 11 0.425294221
7 10 0.390269991
8 10 0.264182763
8 9 0.355245761
10 11 0.220485867
9 10 0.249172379
11 12 0.130757125
10 12 0.101069921
12 14 0.096066459
12 13 0.158109381
13 14 0.121750895
9 13 0.321555788
14 22 0.50501604
13 19 0.289200071
9 20 0.391604248
19 22 0.408282453
9 15 0.763528214
15 16 0.847586366
15 20 0.704820933
19 20 0.547045116
16 17 0.198137073
16 20 0.643111576
20 23 0.836578751
19 23 0.876606442
22 23 0.619762089
17 18 0.255843661
18 26 0.494008425
21 23 0.101069921
21 25 0.357914274
23 24 0.221820123
24 25 0.281528096
24 30 1.218843204
24 29 0.298539865
25 26 0.03335641
26 29 0.139096228
27 29 0.17345333
26 27 0.130089997
26 31 0.845584981
26 28 0.25817861
27 28 0.123085151
27 30 0.253842276
28 33 0.478330913
36 37 0.248505251
33 37 0.23949902
30 36 0.219485175
36 39 0.189130842
37 39 0.531367604
31 33 0.472993887
37 38 0.648448601
33 34 0.538038886
31 32 0.40561394
38 39 0.837913007
32 35 0.855591904
34 35 0.442973118
34 38 0.220819431
38 44 0.555384219
35 40 0.493341297
40 44 0.662124729
40 41 0.178790355
40 43 0.394939889
43 44 0.493674861
44 45 0.690477677
41 42 0.334564787
43 46 0.568726782
45 46 0.419957196
42 47 2.528415842
46 47 2.247221309